gen	nevals	avg	min	max
0  	50    	0  	0  	0  
1  	35    	0.089	0  	4.45
2  	41    	0.082	0  	4.1 
3  	44    	0.219	0  	4.2 
4  	40    	0.166	0  	4.15
5  	44    	0.213	0  	4.15
6  	38    	0.309	0  	4.15
7  	46    	0.193	0  	4.35
8  	43    	0.175	0  	4.35
9  	40    	0.392	0  	4.35
10 	33    	0.98 	0  	4.45
11 	36    	2.167	0  	4.55
12 	39    	3.731	0  	4.55
13 	37    	4.242	0  	4.55
14 	39    	4.11 	0  	4.55
15 	42    	4.345	2.55	4.55
16 	32    	4.329	3.1 	4.55
17 	42    	4.388	2.6 	4.55
18 	43    	4.307	0   	4.6 
19 	32    	4.31 	1.5 	4.6 
20 	37    	4.311	1.35	4.6 
21 	38    	4.151	0   	4.6 
22 	40    	4.34 	0   	4.6 
23 	41    	4.238	0   	4.6 
24 	36    	4.363	0.9 	4.6 
25 	41    	4.497	2.6 	4.6 
26 	35    	4.36 	0   	4.6 
27 	36    	4.444	1.6 	4.6 
28 	34    	4.49 	0   	4.6 
29 	43    	4.49 	2.8 	4.6 
30 	37    	4.498	2.25	4.6 
31 	39    	4.592	4.45	4.6 
32 	36    	4.325	0   	4.6 
33 	36    	4.523	2.05	4.6 
34 	34    	4.455	1.65	4.6 
35 	32    	4.374	0   	4.6 
36 	38    	4.537	2.75	4.6 
37 	45    	4.381	0   	4.6 
38 	36    	4.419	1.1 	4.6 
39 	39    	4.463	0   	4.6 
40 	46    	4.188	0   	4.6 
41 	42    	4.466	2.05	4.6 
42 	38    	4.416	0   	4.6 
43 	40    	4.341	0   	4.6 
44 	36    	4.342	0   	4.6 
45 	35    	4.598	4.55	4.6 
46 	32    	4.342	0   	4.6 
47 	33    	4.392	0   	4.6 
48 	40    	4.47 	1.95	4.6 
49 	38    	4.567	3.05	4.6 
50 	46    	4.496	2.6 	4.6 
51 	38    	4.541	2.6 	4.6 
52 	37    	4.442	0   	4.6 
53 	39    	4.145	0   	4.6 
54 	36    	4.233	0   	4.6 
55 	40    	4.375	0   	4.6 
56 	38    	4.499	2.6 	4.6 
57 	37    	4.415	0   	4.6 
58 	37    	4.335	0.4 	4.6 
59 	34    	4.48 	0   	4.6 
60 	27    	4.547	2.05	4.6 
61 	42    	4.6  	4.6 	4.6 
62 	36    	4.246	0   	4.6 
63 	35    	4.566	3.05	4.6 
64 	37    	4.525	2.6 	4.6 
65 	40    	4.406	0   	4.6 
66 	39    	4.457	2.3 	4.6 
67 	40    	4.407	0   	4.6 
68 	42    	4.543	3.05	4.6 
69 	31    	4.557	2.6 	4.6 
70 	36    	4.445	1.4 	4.6 

=== 优化结果 ===
无人机运动方向: 8.04度
无人机运动速度: 106.42 m/s
总有效干扰时长: 4.56秒
烟幕弹1: 投放时间=0.00s, 延迟=0.54s, 干扰时长=4.56s
烟幕弹2: 投放时间=15.03s, 延迟=0.77s, 干扰时长=0.00s
烟幕弹3: 投放时间=16.38s, 延迟=10.71s, 干扰时长=0.00s
优化完成，最大总遮蔽时长 : 4.56秒








======================================================================================================================================




gen	nevals	avg    	min	max
0  	200   	0.74625	0  	4.6
1  	181   	0.5435 	0  	5.85
2  	159   	0.84375	0  	5.8 
3  	142   	1.5995 	0  	5.75
4  	149   	2.8395 	0  	5.75
5  	164   	3.928  	0  	5.8 
6  	152   	4.41725	0  	5.9 
7  	150   	4.75025	0  	6   
8  	148   	5.14225	0  	6.15
9  	149   	5.358  	0  	6.2 
10 	146   	5.37175	0  	6.2 
11 	142   	5.5225 	0  	6.2 
12 	146   	5.724  	0  	6.3 
13 	153   	5.744  	0  	6.35
14 	152   	5.776  	1.6	6.3 
15 	159   	5.80125	0  	6.3 
16 	159   	5.87525	0  	6.35
17 	151   	5.96575	0.95	6.35
18 	141   	5.893  	2.6 	6.35
19 	159   	5.861  	0   	6.4 
20 	162   	5.93975	0   	6.35
21 	161   	5.9715 	0   	6.35
22 	151   	5.9765 	2.6 	6.4 
23 	151   	5.94775	0   	6.4 
24 	146   	6.067  	0   	6.4 
25 	153   	6.042  	0   	6.4 
26 	150   	6.169  	0   	6.4 
27 	161   	6.172  	2.75	6.4 
28 	159   	6.14525	2.6 	6.4 
29 	162   	6.04525	0   	6.4 
30 	151   	6.0415 	0   	6.4 
31 	143   	6.116  	0   	6.4 
32 	144   	6.196  	0   	6.4 
33 	149   	6.10525	0   	6.4 
34 	134   	6.265  	2.6 	6.4 
35 	146   	6.06075	0   	6.4 
36 	145   	6.072  	2.6 	6.4 
37 	159   	6.112  	0   	6.4 
38 	152   	6.08825	0   	6.4 
39 	147   	6.114  	2.1 	6.4 
40 	158   	6.2025 	2.6 	6.4 
41 	153   	6.16775	2.6 	6.4 
42 	157   	6.201  	2.6 	6.4 
43 	152   	6.15875	0.55	6.4 
44 	157   	6.14325	0   	6.4 
45 	148   	5.98475	0   	6.4 
46 	154   	6.125  	0   	6.4 
47 	144   	6.1705 	0   	6.4 
48 	154   	6.066  	0   	6.4 
49 	149   	6.27825	0   	6.4 
50 	154   	6.192  	0   	6.45
51 	145   	6.14275	2.6 	6.45
52 	165   	6.13375	0   	6.45
53 	138   	6.20325	2.6 	6.45
54 	154   	6.07675	0   	6.45
55 	148   	6.06025	0   	6.4 
56 	160   	6.129  	0   	6.4 
57 	150   	6.0525 	0   	6.45
58 	148   	6.136  	0   	6.4 
59 	148   	6.1605 	2.55	6.4 
60 	158   	6.1345 	0   	6.4 
61 	163   	6.0505 	0   	6.4 
62 	146   	6.10225	2.6 	6.4 
63 	153   	6.12075	0   	6.4 
64 	157   	6.1055 	1.3 	6.4 
65 	152   	6.10325	0   	6.4 
66 	164   	6.08175	0   	6.4 
67 	151   	6.02275	0   	6.4 
68 	153   	6.044  	0   	6.4 
69 	173   	6.21825	0   	6.4 
70 	148   	6.153  	2.6 	6.4 

=== 优化结果 ===
无人机运动方向: 8.38度
无人机运动速度: 107.11 m/s
总有效干扰时长: 6.41秒
烟幕弹1: 投放时间=0.00s, 延迟=0.00s, 干扰时长=2.55s
烟幕弹2: 投放时间=1.00s, 延迟=0.00s, 干扰时长=4.07s
烟幕弹3: 投放时间=12.09s, 延迟=1.61s, 干扰时长=0.00s
优化完成，最大总遮蔽时长 : 6.41秒


=======================================================================================
gen	nevals	avg    	min	max
0  	200   	4.02275	0  	6.3
1  	181   	4.19575	0  	6.3
2  	159   	4.548  	0  	6.05
3  	142   	4.9955 	0  	6.1 
4  	149   	5.1975 	0  	6.15
5  	164   	5.4585 	2.6	6.2 
6  	152   	5.656  	2.9	6.25
7  	150   	5.82375	2.6	6.2 
8  	148   	5.8095 	2.95	6.25
9  	149   	5.89375	2.65	6.3 
10 	146   	5.87175	2.95	6.35
11 	142   	5.91325	2.6 	6.35
12 	146   	6.00575	0   	6.35
13 	153   	5.9315 	2.6 	6.4 
14 	152   	5.99175	2.65	6.4 
15 	159   	6.02   	2.9 	6.4 
16 	159   	6.06175	2.6 	6.4 
17 	151   	6.2125 	3.35	6.4 
18 	141   	6.15275	2.6 	6.4 
19 	159   	6.06825	2.6 	6.4 
20 	162   	6.13875	1.55	6.4 
21 	161   	6.17225	2.7 	6.4 
22 	151   	6.0945 	2.6 	6.4 
23 	151   	6.0885 	0.7 	6.4 
24 	146   	6.19525	2.6 	6.45
25 	153   	6.1345 	2.6 	6.45
26 	150   	6.2455 	2.6 	6.45
27 	161   	6.25825	2.6 	6.4 
28 	159   	6.233  	2.6 	6.4 
29 	162   	6.16575	2.6 	6.4 
30 	151   	6.1755 	2.6 	6.4 
31 	143   	6.193  	2.55	6.4 
32 	144   	6.2315 	2.6 	6.4 
33 	149   	6.16575	0   	6.4 
34 	134   	6.2785 	2.6 	6.4 
35 	146   	6.18825	2.6 	6.4 
36 	145   	6.153  	2.6 	6.4 
37 	159   	6.19325	2.6 	6.45
38 	152   	6.15025	0   	6.45
39 	147   	6.1485 	2.6 	6.45
40 	158   	6.2565 	2.6 	6.45
41 	153   	6.205  	2.6 	6.45
42 	157   	6.2395 	2.6 	6.45
43 	152   	6.212  	2.6 	6.45
44 	157   	6.18375	2.6 	6.45
45 	148   	6.07225	2.6 	6.45
46 	154   	6.19575	2.6 	6.45
47 	144   	6.235  	2.6 	6.45
48 	154   	6.12275	0.5 	6.45
49 	149   	6.31025	2.6 	6.45
50 	154   	6.23475	2.6 	6.45
51 	145   	6.1765 	2.6 	6.45
52 	165   	6.1905 	2.6 	6.45
53 	138   	6.228  	2.6 	6.45
54 	154   	6.144  	2.6 	6.45
55 	148   	6.1235 	0   	6.45
56 	160   	6.187  	2.6 	6.45
57 	150   	6.1565 	2.6 	6.45
58 	148   	6.217  	2.6 	6.45
59 	148   	6.22325	2.6 	6.45
60 	158   	6.224  	2   	6.45
61 	163   	6.151  	2.6 	6.45
62 	146   	6.19   	2.6 	6.45
63 	153   	6.226  	2.6 	6.45
64 	157   	6.2465 	2.6 	6.45
65 	152   	6.215  	2.6 	6.45
66 	164   	6.1845 	0   	6.45
67 	151   	6.157  	2.6 	6.45
68 	153   	6.1445 	2.6 	6.45
69 	173   	6.309  	2.6 	6.45
70 	148   	6.23675	2.6 	6.45

=== 优化结果 ===
无人机运动方向: 8.36度
无人机运动速度: 108.43 m/s
总有效干扰时长: 6.41秒
烟幕弹1: 投放时间=0.00s, 延迟=0.00s, 干扰时长=2.55s
烟幕弹2: 投放时间=1.00s, 延迟=0.00s, 干扰时长=4.00s
烟幕弹3: 投放时间=9.10s, 延迟=0.19s, 干扰时长=0.00s
优化完成，最大总遮蔽时长: 6.41秒

============================================================================================================================================








gen	nevals	avg   	min	max 
0  	500   	2.6133	0  	5.85
1  	382   	3.6365	0  	5.65
2  	364   	4.0432	0  	5.95
3  	346   	4.264 	0  	5.95
4  	380   	4.4162	0  	5.95
5  	364   	4.708 	0  	6.2 
6  	365   	5.0219	0  	6.25
7  	362   	5.3525	0  	6.25
8  	354   	5.6107	0.9	6.3 
9  	378   	5.6881	1.2	6.35
10 	365   	5.7358	0.15	6.35
11 	346   	5.804 	0   	6.35
12 	368   	5.8214	0   	6.35
13 	379   	5.7798	0   	6.4 
14 	347   	5.8899	2.6 	6.4 
15 	371   	5.913 	1   	6.35
16 	402   	5.9022	0   	6.4 
17 	354   	5.9161	2.25	6.4 
18 	350   	5.9526	0   	6.4 
19 	334   	5.9354	0   	6.4 
20 	369   	5.9541	0   	6.4 
21 	380   	5.9783	0   	6.45
22 	379   	5.9694	0   	6.45
23 	367   	6.0286	0   	6.45
24 	364   	6.0697	0   	6.45
25 	371   	6.1038	2.6 	6.45
26 	362   	6.0309	0   	6.45
27 	360   	6.115 	0   	6.45
28 	377   	5.9558	0   	6.45
29 	352   	6.0782	0   	6.45
30 	363   	6.0199	0   	6.45
31 	358   	6.0916	0   	6.45
32 	361   	6.0474	0   	6.45
33 	352   	6.0674	0   	6.45
34 	365   	5.9658	0   	6.45
35 	362   	6.1166	0   	6.45
36 	338   	6.102 	2.6 	6.45
37 	352   	6.0726	2.6 	6.45
38 	344   	6.0593	0   	6.45
39 	386   	6.1156	2.6 	6.45
40 	356   	6.096 	1.8 	6.45
41 	355   	6.0635	2.6 	6.45
42 	351   	6.026 	0   	6.45
43 	354   	6.0904	0   	6.45
44 	366   	6.0947	0   	6.45
45 	362   	6.1043	0   	6.45
46 	346   	6.0354	0   	6.45
47 	367   	6.0643	0   	6.45
48 	357   	6.1525	2.6 	6.45
49 	359   	6.1994	1.8 	6.45
50 	368   	6.0798	0   	6.45
51 	373   	6.0655	0   	6.45
52 	347   	6.0855	0   	6.45
53 	387   	6.1066	2.6 	6.45
54 	367   	6.1545	0   	6.45
55 	363   	6.1363	0   	6.45
56 	341   	6.1052	0   	6.45
57 	345   	6.1104	0   	6.45
58 	359   	6.0454	2.6 	6.45
59 	366   	6.1253	2.6 	6.45
60 	366   	6.0433	0   	6.45
61 	368   	6.1048	1.4 	6.45
62 	356   	6.0627	0   	6.45
63 	376   	6.1287	2.6 	6.45
64 	347   	6.143 	0   	6.45
65 	347   	6.1686	0   	6.45
66 	315   	6.1824	2.3 	6.45
67 	368   	6.101 	0   	6.45
68 	353   	6.078 	0   	6.45
69 	363   	6.0945	0   	6.45
70 	359   	6.1167	0.65	6.45
71 	373   	6.0779	1.85	6.45
72 	373   	6.1133	2.6 	6.45
73 	362   	6.152 	0   	6.45
74 	378   	6.0548	0   	6.45
75 	377   	6.0973	2.6 	6.45
76 	349   	6.0816	0   	6.45
77 	369   	6.0144	0   	6.45
78 	378   	6.1267	0   	6.45
79 	370   	6.0683	0   	6.45
80 	384   	6.0929	0   	6.45
81 	374   	6.1396	0   	6.45
82 	353   	6.0772	0   	6.45
83 	368   	6.0695	0   	6.45
84 	365   	6.0784	2.55	6.45
85 	356   	6.1727	0   	6.45
86 	352   	6.0241	0   	6.45
87 	360   	6.1325	0   	6.45
88 	356   	6.0734	0   	6.45
89 	350   	6.0381	0   	6.45
90 	344   	6.1361	0   	6.45
91 	344   	6.1461	1.25	6.45
92 	364   	6.1356	0   	6.45
93 	338   	6.0247	0   	6.45
94 	352   	6.0507	0   	6.45
95 	372   	6.118 	0   	6.45
96 	375   	6.114 	2.6 	6.45
97 	356   	6.0866	0   	6.45
98 	367   	6.1476	0.25	6.45
99 	354   	6.1927	2   	6.45
100	339   	6.12  	0   	6.45

=== 优化结果 ===
无人机运动方向: 6.94度
无人机运动速度: 114.13 m/s
总有效干扰时长: 6.41秒
烟幕弹1: 投放时间=0.00s, 延迟=0.00s, 干扰时长=2.55s
烟幕弹2: 投放时间=1.00s, 延迟=0.00s, 干扰时长=4.40s
烟幕弹3: 投放时间=11.73s, 延迟=0.97s, 干扰时长=0.00s
优化完成，最大总遮蔽时长 : 6.41秒








===========================================================================================================================================
gen	nevals	avg   	min	max 
0  	500   	2.7508	0  	6.15
1  	376   	3.6881	0  	5.95
2  	371   	4.0752	0  	6.3 
3  	356   	4.3144	0  	6.3 
4  	349   	4.5032	0  	6.3 
5  	361   	4.7733	0  	6.3 
6  	355   	5.1387	0  	6.3 
7  	377   	5.3618	0.9	6.3 
8  	354   	5.4796	0  	6.35
9  	366   	5.6689	0  	6.3 
10 	373   	5.787 	0  	6.3 
11 	349   	5.8245	1.8	6.35
12 	367   	5.8928	0  	6.35
13 	343   	5.9138	0  	6.4 
14 	356   	5.925 	0  	6.4 
15 	364   	5.8811	0  	6.4 
16 	374   	5.8927	0  	6.4 
17 	361   	5.9687	0  	6.4 
18 	356   	5.9374	0  	6.4 
19 	377   	5.9011	0  	6.45
20 	378   	5.8987	0  	6.45
21 	353   	5.9442	0  	6.45
22 	342   	5.9605	0  	6.45
23 	340   	6.0764	0.85	6.45
24 	372   	5.9371	0   	6.45
25 	357   	6.1171	0   	6.45
26 	360   	5.9961	0   	6.45
27 	342   	6.0917	2.6 	6.45
28 	351   	6.0492	2.1 	6.45
29 	355   	5.9991	0   	6.45
30 	358   	6.1301	0   	6.45
31 	360   	6.0429	0   	6.45
32 	363   	6.0132	0   	6.45
33 	360   	6.1307	0   	6.45
34 	357   	6.0858	0   	6.45
35 	376   	6.0094	0   	6.45
36 	357   	6.176 	2   	6.45
37 	370   	6.1087	1.55	6.45
38 	369   	6.1009	0   	6.45
39 	348   	6.1408	0   	6.45
40 	369   	6.1578	0   	6.45
41 	368   	6.0812	0.95	6.45
42 	359   	6.1476	1.6 	6.45
43 	360   	6.0626	0   	6.45
44 	351   	6.0886	1.5 	6.45
45 	373   	6.1794	0   	6.45
46 	372   	6.0783	0   	6.45
47 	363   	6.1478	0   	6.45
48 	353   	6.0713	0   	6.45
49 	366   	6.0828	0   	6.45
50 	375   	6.1491	1.45	6.45
51 	364   	6.1256	0   	6.45
52 	362   	6.0889	0   	6.45
53 	359   	6.0654	0   	6.45
54 	343   	6.0889	0   	6.45
55 	359   	6.016 	0   	6.45
56 	363   	6.157 	1.35	6.45
57 	350   	6.0661	0   	6.45
58 	353   	6.0792	0   	6.45
59 	358   	6.0296	0   	6.45
60 	356   	6.0751	0   	6.45
61 	348   	6.1667	0   	6.45
62 	363   	6.0682	0   	6.45
63 	373   	6.1483	2.6 	6.45
64 	367   	6.1548	0   	6.45
65 	369   	6.0737	0   	6.45
66 	359   	6.0554	0   	6.45
67 	351   	6.1134	0   	6.45
68 	373   	6.0143	0   	6.45
69 	348   	6.1243	0   	6.45
70 	357   	6.1066	0   	6.45
71 	358   	6.126 	0   	6.45
72 	365   	6.049 	0   	6.45
73 	348   	6.1547	0   	6.45
74 	366   	6.0892	2.6 	6.45
75 	350   	6.0823	0   	6.45
76 	357   	6.0603	0   	6.45
77 	349   	6.0467	0   	6.45
78 	366   	6.145 	0   	6.45
79 	349   	6.1026	0   	6.45
80 	351   	6.0433	0   	6.45
81 	359   	6.1099	0   	6.45
82 	346   	6.0086	0   	6.45
83 	365   	6.1307	0   	6.45
84 	353   	6.123 	0   	6.45
85 	351   	6.1142	0   	6.45
86 	370   	6.1153	2.6 	6.45
87 	360   	6.0665	0   	6.45
88 	364   	6.0939	0   	6.45
89 	362   	6.0512	0   	6.45
90 	343   	5.9856	0   	6.45
91 	349   	6.1399	0   	6.45
92 	362   	6.1466	2.25	6.45
93 	347   	6.1104	2.6 	6.45
94 	338   	6.1101	0   	6.45
95 	367   	6.083 	0   	6.45
96 	353   	6.1003	0   	6.45
97 	325   	6.1987	2.6 	6.45
98 	347   	6.1808	2.6 	6.45
99 	361   	6.0338	0   	6.45
100	360   	6.0933	2.6 	6.45

=== 优化结果 ===
无人机运动方向: 8.30度
无人机运动速度: 110.03 m/s
总有效干扰时长: 6.41秒
烟幕弹1: 投放时间=0.00s, 延迟=0.00s, 干扰时长=2.58s
烟幕弹2: 投放时间=1.00s, 延迟=0.00s, 干扰时长=3.96s
烟幕弹3: 投放时间=11.05s, 延迟=0.59s, 干扰时长=0.00s
优化完成，最大总遮蔽时长 : 6.41秒


=============================================================================
=== 优化结果 ===
无人机运动方向: 5.43度
无人机运动速度: 132.79 m/s
总有效干扰时长: 6.41秒
烟幕弹1: 投放时间=0.00s, 延迟=0.00s, 干扰时长=2.55s
烟幕弹2: 投放时间=1.00s, 延迟=0.00s, 干扰时长=4.35s
烟幕弹3: 投放时间=13.37s, 延迟=0.05s, 干扰时长=0.00s



if child[4] <= child[2] + 1 : # 第二枚必须比第一枚晚至少1秒
                        child[4] = child[2] + 1
                    if child[6] <= child[4] + 1:  # 第三枚必须比第二枚晚至少1秒
                        child[6] = child[4] + 1



====================================================
=== 三架无人机协同投放优化结果 ===
总有效干扰时长: 4.5900秒

FY1:
  运动方向: 6.66度
  运动速度: 123.12 m/s
  投放点: (17814.32, 1.67, 1800.00)
  起爆点: (17903.16, 12.05, 1797.41)
  有效干扰时长: 4.59秒

FY2:
  运动方向: 94.64度
  运动速度: 140.00 m/s
  投放点: (11972.46, 1739.38, 1400.00)
  起爆点: (11956.48, 1936.36, 1390.24)
  有效干扰时长: 0.00秒

FY3:
  运动方向: 213.74度
  运动速度: 127.75 m/s
  投放点: (5530.98, -3313.23, 700.00)
  起爆点: (5368.29, -3421.88, 688.51)
  有效干扰时长: 0.00秒

优化总耗时: 360.86秒

优化成功完成！最大总遮蔽时长: 4.5900秒

=== 遮蔽时间段分析 ===
共有1个遮蔽时间段:
    段1 : 0.88s - 5.47s(持续4.59s)
      












    ========================================================================================================================
    



=== 三架无人机协同投放PSO优化结果 ===
总有效干扰时长: 3.9500秒

FY1:
  运动方向: 90.00度
  运动速度: 102.70 m/s
  投放点: (17800.00, 1258.01, 1800.00)
  起爆点: (17800.00, 1289.77, 1799.53)
  有效干扰时长: 0.00秒

FY2:
  运动方向: 320.16度
  运动速度: 139.54 m/s
  投放点: (13411.92, 222.00, 1400.00)
  起爆点: (13662.04, 13.32, 1373.30)
  有效干扰时长: 3.95秒

FY3:
  运动方向: 51.43度
  运动速度: 70.00 m/s
  投放点: (6130.74, -2836.07, 700.00)
  起爆点: (6261.68, -2671.89, 655.90)
  有效干扰时长: 0.00秒

=== 遮蔽时间段分析 ===
共有1个遮蔽时间段:
段1: 15.94s - 19.89s (持续3.95s)

PSO优化总耗时 : 76.74秒







======================================================================================

开始粒子群优化三架无人机协同投放烟幕弹...
迭代 0: 最佳适应度 = 4.3800, 平均适应度 = 0.3776, 缓存数 = 0
迭代 5: 最佳适应度 = 4.5800, 平均适应度 = 0.6421, 缓存数 = 0
迭代 10: 最佳适应度 = 4.5800, 平均适应度 = 0.8841, 缓存数 = 0
迭代 11: 检测到停滞，应用粒子重置
迭代 15: 最佳适应度 = 6.7680, 平均适应度 = 0.8083, 缓存数 = 0
迭代 20: 最佳适应度 = 6.7680, 平均适应度 = 1.4393, 缓存数 = 0
迭代 25: 检测到停滞，应用粒子重置
迭代 25: 最佳适应度 = 6.7680, 平均适应度 = -inf, 缓存数 = 0
迭代 30: 最佳适应度 = 9.0720, 平均适应度 = 2.0177, 缓存数 = 0
迭代 35: 最佳适应度 = 9.0720, 平均适应度 = 2.3477, 缓存数 = 0
迭代 38: 检测到停滞，应用粒子重置
迭代 40: 最佳适应度 = 9.1200, 平均适应度 = 2.1098, 缓存数 = 0
迭代 45: 最佳适应度 = 9.8880, 平均适应度 = 2.7487, 缓存数 = 0
迭代 50: 最佳适应度 = 10.1040, 平均适应度 = 3.1924, 缓存数 = 0
迭代 55: 最佳适应度 = 10.1040, 平均适应度 = 3.9598, 缓存数 = 0
迭代 60: 最佳适应度 = 10.1280, 平均适应度 = 4.3267, 缓存数 = 0
迭代 65: 最佳适应度 = 10.1760, 平均适应度 = 4.4895, 缓存数 = 0
迭代 70: 最佳适应度 = 10.2000, 平均适应度 = 4.9538, 缓存数 = 0
迭代 75: 最佳适应度 = 10.2480, 平均适应度 = 5.8604, 缓存数 = 0
迭代 80: 最佳适应度 = 10.2480, 平均适应度 = 6.5110, 缓存数 = 0
迭代 84: 检测到停滞，应用粒子重置
迭代 85: 最佳适应度 = 10.2480, 平均适应度 = 5.1507, 缓存数 = 0
迭代 90: 最佳适应度 = 10.2480, 平均适应度 = 6.0970, 缓存数 = 0
迭代 94: 检测到停滞，应用粒子重置
迭代 95: 最佳适应度 = 10.2480, 平均适应度 = 5.8925, 缓存数 = 0
迭代 99: 最佳适应度 = 10.2480, 平均适应度 = 6.5145, 缓存数 = 0

PSO优化完成!
最佳适应度值: 10.2480

=== 三架无人机协同投放PSO优化结果 ===
总有效干扰时长: 8.5150秒

FY1:
  运动方向: 5.66度
  运动速度: 71.74 m/s
  投放点: (17836.54, 3.62, 1800.00)
  起爆点: (17893.42, 9.25, 1796.89)
  有效干扰时长: 4.57秒

FY2:
  运动方向: 321.14度
  运动速度: 138.76 m/s
  投放点: (13497.81, 193.11, 1400.00)
  起爆点: (13722.03, 12.44, 1378.90)
  有效干扰时长: 3.95秒

FY3:
  运动方向: 304.36度
  运动速度: 83.09 m/s
  投放点: (6154.43, -3225.88, 700.00)
  起爆点: (6283.89, -3415.22, 662.66)
  有效干扰时长: 0.00秒

=== 遮蔽时间段分析 ===
共有2个遮蔽时间段:
段1: 1.70s - 6.27s (持续4.57s)
段2: 16.06s - 20.01s (持续3.95s)

PSO优化总耗时: 217.16秒

优化成功完成！最大总遮蔽时长 : 8.5150秒






======================================================================================================


开始三架无人机协同投放烟幕弹优化...
使用 24 个CPU核心进行并行计算
开始遗传算法优化，种群大小=100，代数=50
第0代: 最大适应度=4.5800, 平均=3.5548, 缓存命中数=179
第5代: 最大适应度=4.5800, 平均=4.1816, 缓存命中数=579
第10代: 最大适应度=4.6000, 平均=4.3442, 缓存命中数=942
第15代: 最大适应度=4.6000, 平均=4.2880, 缓存命中数=1322
第20代: 最大适应度=4.6000, 平均=4.5632, 缓存命中数=1693
检测到停滞，使用特殊重启策略...
第25代: 最大适应度=6.5000, 平均=4.5246, 缓存命中数=2142
第30代: 最大适应度=6.5000, 平均=4.5894, 缓存命中数=2490
检测到停滞，使用特殊重启策略...
第35代: 最大适应度=6.5200, 平均=5.5832, 缓存命中数=2963
第40代: 最大适应度=7.2200, 平均=6.6334, 缓存命中数=3331
第45代: 最大适应度=7.3600, 平均=7.1740, 缓存命中数=3696
第49代: 最大适应度=7.4400, 平均=7.2896, 缓存命中数=3994

=== 三架无人机协同投放优化结果 ===
总有效干扰时长: 7.4300秒

FY1:
  运动方向: 5.17度
  运动速度: 87.41 m/s
  投放点: (17861.82, 5.59, 1800.00)
  起爆点: (17887.05, 7.88, 1799.59)
  有效干扰时长: 4.57秒

FY2:
  运动方向: 319.57度
  运动速度: 118.23 m/s
  投放点: (13390.99, 215.09, 1400.00)
  起爆点: (13638.12, 4.56, 1363.06)
  有效干扰时长: 2.86秒

FY3:
  运动方向: 17.73度
  运动速度: 100.05 m/s
  投放点: (7966.24, -2371.23, 700.00)
  起爆点: (8418.96, -2226.46, 589.40)
  有效干扰时长: 0.00秒

优化总耗时: 108.03秒

优化成功完成！最大总遮蔽时长: 7.4300秒

=== 遮蔽时间段分析 ===
共有2个遮蔽时间段:
段1: 2.34s - 6.91s (持续4.57s)
段2 : 18.21s - 21.07s(持续2.86s)












============================================================================================

第二架飞机 15 - 17s ， - 45度到0度  速度135 - 140








============================================================================================ =


开始粒子群优化三架无人机协同投放烟幕弹...
迭代 0: 最佳适应度 = 4.5800, 平均适应度 = 1.0908, 缓存数 = 0
迭代 5: 最佳适应度 = 6.0960, 平均适应度 = 1.9092, 缓存数 = 0
迭代 10: 最佳适应度 = 7.4400, 平均适应度 = 2.1832, 缓存数 = 0
迭代 15: 最佳适应度 = 7.9920, 平均适应度 = 2.7319, 缓存数 = 0
迭代 20: 最佳适应度 = 8.0400, 平均适应度 = 3.0068, 缓存数 = 0
迭代 25: 最佳适应度 = 8.3280, 平均适应度 = 3.2667, 缓存数 = 0
迭代 30: 最佳适应度 = 8.3280, 平均适应度 = 3.3115, 缓存数 = 0
迭代 35: 最佳适应度 = 9.5760, 平均适应度 = 3.8788, 缓存数 = 0
迭代 40: 最佳适应度 = 9.5760, 平均适应度 = 4.0128, 缓存数 = 0
迭代 45: 最佳适应度 = 9.8640, 平均适应度 = 4.1382, 缓存数 = 0
迭代 50: 最佳适应度 = 13.1100, 平均适应度 = 4.3272, 缓存数 = 0
迭代 55: 最佳适应度 = 15.1800, 平均适应度 = 4.7347, 缓存数 = 0
迭代 60: 最佳适应度 = 15.8700, 平均适应度 = 5.2595, 缓存数 = 0
迭代 65: 最佳适应度 = 16.4100, 平均适应度 = 5.8656, 缓存数 = 0
迭代 70: 最佳适应度 = 16.5900, 平均适应度 = 6.5339, 缓存数 = 0
迭代 75: 最佳适应度 = 16.9500, 平均适应度 = 7.3861, 缓存数 = 0
迭代 80: 最佳适应度 = 17.0100, 平均适应度 = 9.1283, 缓存数 = 0
迭代 85: 最佳适应度 = 17.0100, 平均适应度 = 9.8193, 缓存数 = 0
迭代 90: 最佳适应度 = 17.0400, 平均适应度 = 10.8725, 缓存数 = 0
迭代 95: 最佳适应度 = 17.1000, 平均适应度 = 12.0590, 缓存数 = 0
迭代 99: 最佳适应度 = 17.1900, 平均适应度 = 10.5183, 缓存数 = 0

PSO优化完成!
最佳适应度值: 17.1900

=== 三架无人机协同投放PSO优化结果 ===
总有效干扰时长: 11.4250秒

FY1:
  运动方向: 7.38度
  运动速度: 126.11 m/s
  投放点: (17828.66, 3.71, 1800.00)
  起爆点: (17873.37, 9.51, 1799.37)
  有效干扰时长: 4.54秒
  投放时间: 0.23秒
  引爆时间: 0.36秒

FY2:
  运动方向: 319.85度
  运动速度: 124.06 m/s
  投放点: (13422.79, 199.93, 1400.00)
  起爆点: (13648.87, 9.24, 1372.15)
  有效干扰时长: 3.83秒
  投放时间: 15.00秒
  引爆时间: 2.38秒

FY3:
  运动方向: 73.62度
  运动速度: 116.33 m/s
  投放点: (6892.13, 34.55, 700.00)
  起爆点: (6903.85, 74.41, 699.38)
  有效干扰时长: 3.04秒
  投放时间: 27.19秒
  引爆时间: 0.36秒

=== 遮蔽时间段分析 ===
共有3个遮蔽时间段:
段1: 2.08s - 6.62s (持续4.54s)
段2: 17.40s - 21.23s (持续3.83s)
段3: 28.56s - 31.61s (持续3.04s)

PSO优化总耗时: 273.22秒

优化成功完成！最大总遮蔽时长: 11.4250秒